28
11
12
61
4
11
625
41
2
59
39
147
4
35
10
1
8
10
16
119
15
21
159
8
49
4
61
46
1
29
121
31
12
1
60
10
0
21
0
3
55
1
114
30
34
12
3
7
1
0
2
33
40
1
20
68
18
2
0
8
1
2
3
5
33
0
5
17
1
0
16
6
16
1
1
1
0
65
8
243
3
1
1
37
25
0
11
60
8
19
96
32
3
123
7
19
3
4
103
0
3
5
0
72
12
7
121
4
10
19
2
9
0
0
1
1
1
1
30
0
0
3
0
1
1
27
2
8
117
0
36
0
78
1
1
1
41
1
0
51
75
3
45
1
106
3
44
6
19
28
1
19
8
29
37
1
11
1
0
38
1
0
3
1
11
11
1
1
2
4
18
15
3
45
18
9
1
1
51
25
4
30
2
32
32
2
17
1
1
3
1
26
2
13
1
0
9
3
28
1
1
5
27
4
5
1
0
20
44
1
2
0
12
3
11
10
7
1
1
1
11
1
57
7
1
1
1
12
125
0
1
1
12
1
1
6
11
3
2
1
1
0
4
5
5
3
5
1
12
0
3
1
35
160
51
1
10
1
1
3
1
10
1
10
23
9
1
1
14
14
2
0
0
28
2
3
4
3
73
24
2
2
1
16
45
31
100
47
7
1
1
1
4
1
5
2
1
6
1
1
14
9
34
1
2
19
1
10
4
31
1
2
4
1
1
5
5
6
1
1
2
16
1
1
1
9
0
1
2
2
23
7
2
1
2
33
2
35
18
4
3
23
9
16
5
3
4
21
0
4
14
1
4
5
3
0
4
1
306
6
26
1
21
0
10
0
2
1
2
4
2
6
69
2
6
4
3
3
5
0
1
1
2
6
22
2
1
1
2
2
23
58
10
11
1
0
10
2
22
1
21
10
5
1
10
2
32
1
2
1
13
15
15
2
112
9
3
3
1
0
6
2
1
24
1
2
1
11
2
1
1
1
0
22
1
171
0
9
5
12
2
1
31
5
258
3
4
49
1
1
42
3
43
1
10
1
17
4
5
14
2
79
37
1
78
6
11
3
1
20
2
1
13
38
0
0
7
1
13
8
1
3
1
4
5
7
18
5
8
7
83
5
29
0
2
2
1
9
1
1
1
21
10
8
1
4
5
2
1
3
3
12
1
63
3
1
3
22
1
0
2
66
46
3
1
2
11
3
16
0
2
1
1
19
0
2
1
0
35
1
1
1
14
1
1
1
4
33
3
3
20
1
27
0
1
10
2
1
3
4
0
20
2
8
49
6
0
6
10
1
2
4
1
2
8
5
1
2
18
1
8
14
38
8
1
1
9
1
22
7
5
1
1
3
1
1
1
3
0
1
10
1
24
0
1
1
2
2
1
1
2
3
1
6
1
13
1
1
1
13
35
36
1
223
22
1
1
1
4
1
1
14
4
2
3
7
1
1
2
1
2
19
1
6
1
1
1
0
5
35
0
2
1
16
1
1
4
2
16
54
1
4
3
1
8
2
7
1
1
26
2
13
31
2
8
0
4
2
1
6
4
1
2
15
2
14
1
1
1
4
8
1
1
1
4
26
10
24
1
3
16
1
34
4
10
1
1
1
1
1
7
6
13
1
1
2
8
2
4
2
8
12
6
11
1
7
1
1
31
2
1
1
21
1
2
1
1
8
1
12
9
0
0
1
2
7
32
0
2
1
1
3
2
1
0
7
1
7
1
11
1
1
1
17
0
1
4
1
2
48
2
2
10
2
1
8
21
2
6
15
2
1
3
1
15
26
6
1
4
2
1
4
1
6
1
0
0
1
1
15
0
7
25
5
1
145
5
2
1
6
36
6
1
0
1
2
2
1
1
1
1
1
1
30
1
1
2
2
1
1
1
1
2
14
2
48
1
4
0
35
16
1
8
1
2
1
1
8
3
2
4
1
2
1
45
42
1
11
3
1
2
12
1
0
1
4
4
22
1
4
11
1
1
2
1
1
1
1
4
1
1
1
1
1
6
1
8
1
1
1
1
23
2
14
2
1
6
1
1
1
29
1
1
1
9
1
1
1
1
1
6
0
1
15
0
1
7
13
4
1
1
8
4
3
55
16
0
7
11
1
17
2
11
10
5
8
27
5
6
1
2
1
19
6
52
4
4
6
1
4
7
1
3
1
3
5
0
14
3
21
10
1
1
1
14
0
21
1
2
72
1
1
2
4
2
1
6
27
